name: tfe-manual
channels:
  - conda-forge
  - defaults
dependencies:
  - alabaster=0.7.12=py_0
  - async_generator=1.10=py_0
  - attrs=21.2.0=pyhd8ed1ab_0
  - babel=2.9.1=pyh44b312d_0
  - bleach=4.1.0=pyhd8ed1ab_0
  - brotlipy=0.7.0=py39hb82d6ee_1001
  - ca-certificates=2021.5.30=h5b45459_0
  - certifi=2021.5.30=py39hcbf5309_0
  - cffi=1.14.6=py39h0878f49_1
  - chardet=4.0.0=py39hcbf5309_1
  - charset-normalizer=2.0.5=pyhd8ed1ab_0
  - colorama=0.4.4=pyh9f0ad1d_0
  - cryptography=3.4.7=py39hd8d06c1_0
  - defusedxml=0.7.1=pyhd8ed1ab_0
  - docutils=0.17.1=py39hcbf5309_0
  - entrypoints=0.3=pyhd8ed1ab_1003
  - idna=2.10=pyh9f0ad1d_0
  - imagesize=1.2.0=py_0
  - importlib-metadata=4.8.1=py39hcbf5309_0
  - ipython_genutils=0.2.0=py_1
  - jinja2=3.0.1=pyhd8ed1ab_0
  - jsonschema=3.2.0=pyhd8ed1ab_3
  - jupyter_client=7.0.3=pyhd8ed1ab_0
  - jupyter_core=4.8.1=py39hcbf5309_0
  - jupyterlab_pygments=0.1.2=pyh9f0ad1d_0
  - libsodium=1.0.18=h8d14728_1
  - markupsafe=2.0.1=py39hb82d6ee_0
  - mistune=0.8.4=py39hb82d6ee_1004
  - nbclient=0.5.4=pyhd8ed1ab_0
  - nbconvert=6.1.0=py39hcbf5309_1
  - nbformat=5.1.3=pyhd8ed1ab_0
  - nbsphinx=0.8.7=pyhd8ed1ab_0
  - nest-asyncio=1.5.1=pyhd8ed1ab_0
  - openssl=1.1.1l=h8ffe710_0
  - packaging=21.0=pyhd8ed1ab_0
  - pandoc=2.14.2=h8ffe710_0
  - pandocfilters=1.5.0=pyhd8ed1ab_0
  - pip=21.2.4=pyhd8ed1ab_0
  - pycparser=2.20=pyh9f0ad1d_2
  - pygments=2.10.0=pyhd8ed1ab_0
  - pyopenssl=20.0.1=pyhd8ed1ab_0
  - pyparsing=2.4.7=pyh9f0ad1d_0
  - pyrsistent=0.17.3=py39hb82d6ee_2
  - pysocks=1.7.1=py39hcbf5309_3
  - python=3.9.7=h7840368_1_cpython
  - python-dateutil=2.8.2=pyhd8ed1ab_0
  - python_abi=3.9=2_cp39
  - pytz=2021.1=pyhd8ed1ab_0
  - pywin32=301=py39hb82d6ee_0
  - pyzmq=22.3.0=py39he46f08e_0
  - qtpy=1.11.1=pyhd8ed1ab_0
  - requests=2.25.1=pyhd3deb0d_0
  - setuptools=58.0.4=py39hcbf5309_1
  - six=1.16.0=pyh6c4a22f_0
  - snowballstemmer=2.1.0=pyhd8ed1ab_0
  - sphinx=4.2.0=pyh6c4a22f_0
  - sphinx_rtd_theme=1.0.0=pyhd8ed1ab_0
  - sphinxcontrib-applehelp=1.0.2=py_0
  - sphinxcontrib-devhelp=1.0.2=py_0
  - sphinxcontrib-htmlhelp=2.0.0=pyhd8ed1ab_0
  - sphinxcontrib-jsmath=1.0.1=py_0
  - sphinxcontrib-qthelp=1.0.3=py_0
  - sphinxcontrib-serializinghtml=1.1.5=pyhd8ed1ab_0
  - sqlite=3.36.0=h8ffe710_1
  - testpath=0.5.0=pyhd8ed1ab_0
  - tornado=6.1=py39hb82d6ee_1
  - traitlets=5.1.0=pyhd8ed1ab_0
  - tzdata=2021a=he74cb21_1
  - ucrt=10.0.20348.0=h57928b3_0
  - urllib3=1.26.6=pyhd8ed1ab_0
  - vc=14.2=hb210afc_5
  - vs2015_runtime=14.29.30037=h902a5da_5
  - webencodings=0.5.1=py_1
  - wheel=0.37.0=pyhd8ed1ab_1
  - win_inet_pton=1.1.0=py39hcbf5309_2
  - zeromq=4.3.4=h0e60522_1
  - zipp=3.5.0=pyhd8ed1ab_0
prefix: C:\Users\Msmt\Miniconda3\envs\tfe-manual
